#u-g	g-r	g-mag	r-mag
1.142799999999999816e+00 2.695999999999999508e-01 9.638000000000001677e+00 9.781599999999999184e+00
1.923599999999999977e+00 7.286000000000001364e-01 1.243299999999999983e+01 1.249559999999999782e+01
1.327119999999999855e+00 4.980799999999999672e-01 1.107040000000000113e+01 1.117368000000000094e+01
1.607439999999999980e+00 6.929000000000000714e-01 1.396800000000000175e+01 1.403689999999999927e+01
2.057999999999999829e+00 8.204000000000000181e-01 1.536700000000000088e+01 1.541339999999999932e+01
2.192400000000000126e+00 8.816000000000001613e-01 1.312800000000000011e+01 1.316359999999999886e+01
1.419279999999999875e+00 5.194999999999999618e-01 1.083800000000000097e+01 1.093750000000000000e+01
1.712399999999999922e+00 7.642999999999999794e-01 1.422900000000000098e+01 1.428529999999999944e+01
1.373199999999999976e+00 4.939999999999999947e-01 1.111500000000000021e+01 1.121899999999999942e+01
1.641999999999999904e+00 6.776000000000000911e-01 1.187800000000000189e+01 1.194960000000000022e+01
2.608400000000000052e+00 1.172300000000000120e+00 1.500699999999999967e+01 1.499129999999999896e+01
2.499600000000000044e+00 1.320200000000000040e+00 1.517600000000000193e+01 1.513419999999999987e+01
1.347599999999999909e+00 4.838000000000000078e-01 1.102400000000000091e+01 1.112979999999999947e+01
1.258000000000000007e+00 -6.700000000000000400e-02 7.479999999999999538e+00 7.682999999999999829e+00
1.283599999999999852e+00 1.369999999999999829e-01 7.995000000000000107e+00 8.161999999999999034e+00
1.309199999999999919e+00 3.397999999999998244e-02 8.256400000000001071e+00 8.441580000000000084e+00
1.142799999999999816e+00 2.940800000000000081e-01 9.721400000000000929e+00 9.860679999999998557e+00
1.693200000000000038e+00 6.572000000000000064e-01 1.126600000000000001e+01 1.134119999999999884e+01
1.680399999999999894e+00 6.470000000000000195e-01 1.200999999999999979e+01 1.208699999999999797e+01
1.475600000000000023e+00 5.909000000000000918e-01 1.086200000000000188e+01 1.094890000000000008e+01
2.659600000000000186e+00 1.173320000000000141e+00 1.470160000000000089e+01 1.468571999999999989e+01
2.659600000000000186e+00 1.210040000000000004e+00 1.522520000000000095e+01 1.520283999999999835e+01
1.590799999999999770e+00 5.960000000000000853e-01 1.165500000000000114e+01 1.174099999999999966e+01
2.576399999999999579e+00 1.192700000000000093e+00 1.505400000000000027e+01 1.503469999999999906e+01
1.321999999999999842e+00 -1.395999999999997243e-02 8.054200000000001580e+00 8.247840000000000060e+00
1.176079999999999792e+00 3.236600000000000588e-01 9.874800000000002242e+00 1.000886000000000031e+01
1.438479999999999759e+00 5.766200000000000214e-01 1.136660000000000181e+01 1.145602000000000054e+01
1.309199999999999919e+00 4.766600000000000836e-01 1.098980000000000068e+01 1.109685999999999950e+01
1.309199999999999919e+00 4.736000000000001320e-01 1.094800000000000040e+01 1.105560000000000009e+01
1.533199999999999896e+00 6.011000000000000787e-01 1.291800000000000104e+01 1.300309999999999988e+01
1.667599999999999749e+00 6.776000000000000911e-01 1.199300000000000210e+01 1.206460000000000043e+01
1.334799999999999986e+00 5.041999999999999815e-01 1.109600000000000009e+01 1.119819999999999816e+01
1.693200000000000038e+00 6.531200000000000339e-01 1.186160000000000103e+01 1.193751999999999924e+01
1.731599999999999806e+00 6.776000000000000911e-01 1.126800000000000068e+01 1.133959999999999901e+01
1.577999999999999847e+00 6.908600000000000296e-01 1.089880000000000138e+01 1.096805999999999948e+01
1.258000000000000007e+00 4.430000000000000604e-01 1.085000000000000142e+01 1.096299999999999919e+01
3.677200000000000024e+00 1.524199999999999999e+00 9.756000000000000227e+00 9.678199999999998582e+00
1.693200000000000038e+00 6.878000000000000780e-01 1.144400000000000084e+01 1.151379999999999804e+01
2.134800000000000253e+00 8.540600000000000414e-01 1.348680000000000057e+01 1.352725999999999829e+01
2.512399999999999967e+00 1.068259999999999987e+00 1.440779999999999994e+01 1.441045999999999871e+01
1.258000000000000007e+00 2.532800000000000606e-01 9.220399999999999707e+00 9.366879999999998319e+00
1.245199999999999863e+00 5.234000000000002539e-02 8.205199999999999605e+00 8.387139999999998707e+00
1.603599999999999914e+00 6.419000000000000261e-01 1.199699999999999989e+01 1.207489999999999952e+01
2.550799999999999734e+00 1.233500000000000041e+00 1.475200000000000067e+01 1.472549999999999848e+01
2.013199999999999878e+00 1.069280000000000008e+00 1.402040000000000042e+01 1.402287999999999890e+01
1.193999999999999950e+00 3.297800000000000731e-01 1.002839999999999954e+01 1.016137999999999941e+01
1.597199999999999953e+00 6.163999999999999480e-01 1.177699999999999925e+01 1.185939999999999905e+01
7.050399999999998890e-01 -2.628400000000000181e-01 5.309800000000000075e+00 5.547360000000000291e+00
2.505999999999999783e+00 1.009100000000000108e+00 1.403300000000000125e+01 1.404609999999999914e+01
6.077599999999999669e-01 -3.311800000000000299e-01 3.517599999999999838e+00 3.767219999999999569e+00
1.124879999999999880e+00 1.890200000000000491e-01 9.042600000000001970e+00 9.200419999999999376e+00
1.475600000000000023e+00 6.092600000000000238e-01 1.116480000000000139e+01 1.124845999999999968e+01
1.296399999999999997e+00 4.185200000000000031e-01 1.064860000000000184e+01 1.076591999999999949e+01
2.601999999999999869e+00 1.116200000000000081e+00 1.445599999999999952e+01 1.445019999999999882e+01
1.347599999999999909e+00 4.939999999999999947e-01 1.101700000000000124e+01 1.112100000000000044e+01
1.923599999999999977e+00 7.184000000000000385e-01 1.238900000000000112e+01 1.245340000000000025e+01
1.135119999999999907e+00 1.747400000000000342e-01 9.076200000000001822e+00 9.236539999999999750e+00
1.334799999999999986e+00 1.227200000000000235e-01 8.656599999999999184e+00 8.826119999999999521e+00
6.845599999999998353e-01 -2.954799999999999649e-01 5.260599999999999277e+00 5.503919999999999924e+00
5.527199999999998781e-01 -3.311800000000000299e-01 4.121599999999999930e+00 4.371220000000000994e+00
1.513999999999999790e+00 5.756000000000001116e-01 1.157800000000000118e+01 1.166760000000000019e+01
1.232399999999999940e+00 2.288000000000000311e-01 9.128999999999999559e+00 9.279799999999998050e+00
2.102799999999999780e+00 9.478999999999999648e-01 1.319700000000000095e+01 1.322090000000000032e+01
1.168399999999999883e+00 3.002000000000000224e-01 9.850999999999999091e+00 9.989199999999998525e+00
2.128400000000000070e+00 8.407999999999999918e-01 1.294400000000000084e+01 1.298679999999999879e+01
1.565199999999999925e+00 7.489999999999999991e-01 1.239000000000000057e+01 1.244899999999999807e+01
1.360399999999999832e+00 -2.739999999999992442e-03 8.037800000000000722e+00 8.229459999999999553e+00
1.629199999999999982e+00 7.439000000000000057e-01 1.253200000000000180e+01 1.259190000000000076e+01
2.729999999999999982e+00 1.109059999999999935e+00 1.429880000000000173e+01 1.429425999999999952e+01
1.270799999999999930e+00 1.380200000000000038e-01 8.680600000000000094e+00 8.847419999999999618e+00
1.264399999999999968e+00 4.052600000000000646e-01 1.038380000000000081e+01 1.050345999999999869e+01
1.232399999999999940e+00 -5.679999999999998939e-02 7.145999999999999908e+00 7.347199999999999953e+00
1.193999999999999950e+00 3.440600000000000325e-01 9.914799999999999613e+00 1.004525999999999897e+01
2.097679999999999989e+00 9.774799999999999045e-01 1.289039999999999964e+01 1.290907999999999944e+01
1.206799999999999873e+00 4.154600000000000515e-01 9.790800000000000836e+00 9.908660000000001133e+00
2.346000000000000085e+00 8.714000000000001744e-01 1.394700000000000095e+01 1.398440000000000083e+01
1.270799999999999930e+00 3.134600000000000719e-01 9.640800000000000480e+00 9.776659999999997908e+00
1.424399999999999888e+00 6.204800000000000315e-01 1.164440000000000097e+01 1.172607999999999961e+01
1.347599999999999909e+00 4.838000000000000078e-01 1.084900000000000020e+01 1.095479999999999876e+01
2.883600000000000385e+00 1.215140000000000109e+00 1.502120000000000211e+01 1.499793999999999983e+01
6.179999999999998828e-01 -2.924200000000000133e-01 3.715399999999999814e+00 3.958180000000000032e+00
2.563600000000000101e+00 1.226359999999999895e+00 1.503180000000000049e+01 1.500656000000000034e+01
2.582799999999999763e+00 1.136600000000000055e+00 1.434800000000000075e+01 1.433859999999999957e+01
1.150479999999999947e+00 -1.730800000000000116e-01 6.751599999999999824e+00 6.973320000000000185e+00
2.576399999999999579e+00 1.228399999999999936e+00 1.270200000000000173e+01 1.267639999999999922e+01
1.352719999999999922e+00 -2.518000000000000793e-02 7.839599999999999902e+00 8.035219999999998919e+00
8.227999999999999758e-01 -2.577399999999999691e-01 5.620800000000000018e+00 5.857460000000000555e+00
9.431199999999999584e-01 -2.414199999999999957e-01 6.292399999999999771e+00 6.526180000000000092e+00
2.371599999999999930e+00 8.714000000000001744e-01 1.331199999999999939e+01 1.334939999999999927e+01
2.064400000000000013e+00 8.714000000000001744e-01 1.318200000000000038e+01 1.321940000000000026e+01
2.486799999999999677e+00 9.193400000000000460e-01 1.359019999999999939e+01 1.361913999999999803e+01
2.205199999999999605e+00 8.152999999999999137e-01 1.255400000000000027e+01 1.260129999999999839e+01
1.700879999999999947e+00 6.673999999999999932e-01 1.206700000000000017e+01 1.214039999999999786e+01
1.245199999999999863e+00 4.072999999999999954e-01 1.038900000000000112e+01 1.050830000000000020e+01
2.217999999999999972e+00 1.162100000000000133e+00 1.491800000000000104e+01 1.490409999999999968e+01
2.371599999999999930e+00 8.407999999999999918e-01 1.380900000000000105e+01 1.385179999999999900e+01
1.236240000000000006e+00 3.889400000000000635e-01 8.911200000000000898e+00 9.033739999999999881e+00
1.219599999999999795e+00 1.064000000000000223e-01 8.032000000000000028e+00 8.204399999999999693e+00
2.697999999999999954e+00 1.139660000000000117e+00 1.460280000000000022e+01 1.459285999999999994e+01
1.501199999999999868e+00 6.214999999999999414e-01 1.094500000000000028e+01 1.102650000000000041e+01
5.923999999999999266e-01 -2.781399999999999983e-01 4.022799999999999265e+00 4.263060000000000294e+00
1.744399999999999729e+00 7.693999999999999728e-01 1.272200000000000131e+01 1.277740000000000009e+01
1.808399999999999785e+00 6.673999999999999932e-01 1.044200000000000017e+01 1.051539999999999786e+01
1.304079999999999906e+00 4.379000000000000670e-01 1.069000000000000128e+01 1.080389999999999873e+01
3.907599999999999962e+00 1.626200000000000090e+00 1.100600000000000023e+01 1.091019999999999790e+01
1.270799999999999930e+00 4.430000000000000604e-01 1.081300000000000061e+01 1.092599999999999838e+01
2.448399999999999910e+00 1.085600000000000120e+00 1.100800000000000090e+01 1.100759999999999827e+01
1.283599999999999852e+00 -1.139200000000000074e-01 7.302400000000000446e+00 7.513680000000000803e+00
1.616399999999999837e+00 6.011000000000000787e-01 1.146300000000000097e+01 1.154809999999999981e+01
2.141199999999999992e+00 1.054999999999999938e+00 1.368300000000000161e+01 1.368800000000000061e+01
2.665999999999999925e+00 1.182500000000000107e+00 1.493200000000000038e+01 1.491450000000000031e+01
1.488399999999999945e+00 1.461800000000000044e-01 8.220400000000001484e+00 8.385779999999998680e+00
1.424399999999999888e+00 6.368000000000000327e-01 1.345400000000000063e+01 1.353279999999999994e+01
2.038799999999999724e+00 6.980000000000000648e-01 1.229499999999999993e+01 1.236299999999999955e+01
2.230799999999999894e+00 9.427999999999998604e-01 1.274399999999999977e+01 1.276879999999999882e+01
1.219599999999999795e+00 4.022000000000000020e-01 1.051299999999999990e+01 1.063319999999999865e+01
2.550799999999999734e+00 1.014199999999999990e+00 1.395600000000000129e+01 1.396819999999999951e+01
2.678799999999999848e+00 1.204940000000000122e+00 1.481120000000000125e+01 1.478974000000000011e+01
1.475600000000000023e+00 5.184800000000000519e-01 1.051940000000000097e+01 1.061908000000000030e+01
1.131279999999999841e+00 2.512400000000000189e-01 9.459200000000000941e+00 9.606039999999998358e+00
1.782799999999999940e+00 7.489999999999999991e-01 1.267000000000000171e+01 1.272899999999999920e+01
1.168399999999999883e+00 2.798000000000000487e-01 9.594000000000001194e+00 9.735799999999999343e+00
1.821199999999999930e+00 7.948999999999999400e-01 1.257699999999999996e+01 1.262789999999999857e+01
1.334799999999999986e+00 5.756000000000001116e-01 1.348800000000000132e+01 1.357760000000000034e+01
2.294799999999999951e+00 1.322240000000000082e+00 1.594320000000000270e+01 1.590104000000000006e+01
1.258000000000000007e+00 4.328000000000000735e-01 1.072400000000000198e+01 1.083880000000000088e+01
1.488399999999999945e+00 1.268000000000000516e-01 1.070400000000000063e+01 1.087279999999999802e+01
1.193999999999999950e+00 3.308000000000000940e-01 1.010400000000000098e+01 1.023680000000000057e+01
1.245199999999999863e+00 4.226000000000000867e-01 1.074800000000000111e+01 1.086459999999999937e+01
1.334799999999999986e+00 4.287200000000001010e-01 1.079160000000000075e+01 1.090711999999999904e+01
1.821199999999999930e+00 6.776000000000000911e-01 1.214800000000000146e+01 1.221959999999999980e+01
1.039119999999999822e+00 -1.995999999999999996e-01 6.709999999999999076e+00 6.936399999999999899e+00
1.283599999999999852e+00 1.574000000000000121e-01 8.391999999999999460e+00 8.555399999999998784e+00
1.680399999999999894e+00 6.317000000000000393e-01 1.184100000000000108e+01 1.192070000000000007e+01
2.550799999999999734e+00 1.167200000000000237e+00 1.526100000000000101e+01 1.524619999999999820e+01
1.232399999999999940e+00 8.191999999999996507e-02 8.430600000000000094e+00 8.607319999999997862e+00
2.128400000000000070e+00 8.102000000000000313e-01 1.274100000000000144e+01 1.278920000000000101e+01
2.538000000000000256e+00 9.938000000000000167e-01 1.413900000000000112e+01 1.415479999999999983e+01
2.623759999999999870e+00 1.138640000000000096e+00 1.410020000000000095e+01 1.409043999999999919e+01
1.129999999999999893e+00 2.614400000000000057e-01 9.622200000000001197e+00 9.767239999999999256e+00
2.474000000000000199e+00 1.322240000000000082e+00 1.604519999999999769e+01 1.600303999999999860e+01
2.614799999999999791e+00 1.054999999999999938e+00 9.630000000000000782e+00 9.634999999999999787e+00
2.185999999999999943e+00 8.336600000000000676e-01 1.296680000000000099e+01 1.301085999999999920e+01
1.168399999999999883e+00 2.492000000000000048e-01 8.846000000000000085e+00 8.993199999999998084e+00
2.474000000000000199e+00 9.652399999999998759e-01 1.325220000000000198e+01 1.327303999999999995e+01
1.245199999999999863e+00 2.900000000000000355e-01 7.179999999999999716e+00 7.320000000000000284e+00
1.258000000000000007e+00 4.519999999999999019e-02 8.286000000000001364e+00 8.469199999999998951e+00
1.104399999999999826e+00 -1.995999999999999996e-01 6.181999999999999496e+00 6.408400000000000318e+00
1.193999999999999950e+00 -1.894000000000000128e-01 6.883000000000000007e+00 7.107600000000000584e+00
1.274639999999999995e+00 -3.760000000000013332e-03 7.667200000000000237e+00 7.859040000000000248e+00
1.334799999999999986e+00 4.022000000000000020e-01 1.118599999999999994e+01 1.130619999999999870e+01
1.187599999999999989e+00 -1.669599999999999973e-01 7.164200000000000124e+00 7.384840000000000515e+00
1.053199999999999914e+00 -3.640000000000001568e-02 8.718000000000001748e+00 8.915599999999999525e+00
1.296399999999999997e+00 3.500000000000000333e-02 8.160000000000001918e+00 8.345000000000000639e+00
2.563600000000000101e+00 1.187599999999999989e+00 1.114799999999999969e+01 1.112959999999999816e+01
1.283599999999999852e+00 -6.087999999999998968e-02 7.733600000000000030e+00 7.935520000000000351e+00
1.163279999999999870e+00 -1.537000000000000033e-01 6.736999999999999211e+00 6.955300000000000260e+00
6.819999999999999396e-01 -3.056800000000000073e-01 2.700599999999999667e+00 2.945719999999999672e+00
1.053199999999999914e+00 8.102000000000000313e-01 1.612600000000000122e+01 1.617419999999999902e+01
2.301199999999999690e+00 9.224000000000001087e-01 1.339900000000000091e+01 1.342739999999999867e+01
2.576399999999999579e+00 1.160060000000000091e+00 1.491480000000000139e+01 1.490126000000000062e+01
1.449999999999999956e+00 3.920000000000000151e-01 1.666000000000000014e+01 1.678200000000000003e+01
2.550799999999999734e+00 1.036640000000000006e+00 8.329200000000000159e+00 8.337439999999999074e+00
2.486799999999999677e+00 1.121299999999999963e+00 1.417400000000000126e+01 1.416730000000000089e+01
1.266959999999999864e+00 4.491200000000000747e-01 1.078560000000000052e+01 1.089752000000000010e+01
2.448399999999999910e+00 8.724199999999999733e-01 1.440559999999999974e+01 1.444281999999999933e+01
2.474000000000000199e+00 9.887000000000001343e-01 1.394600000000000151e+01 1.396269999999999989e+01
2.493199999999999861e+00 1.078459999999999974e+00 1.459079999999999977e+01 1.459165999999999919e+01
2.175759999999999916e+00 9.581000000000001737e-01 9.358000000000000540e+00 9.380099999999998772e+00
2.160400000000000098e+00 8.948599999999999888e-01 1.288879999999999981e+01 1.292205999999999833e+01
1.513999999999999790e+00 5.552000000000000268e-01 1.146300000000000097e+01 1.155620000000000047e+01
1.270799999999999930e+00 3.308000000000000940e-01 1.007399999999999984e+01 1.020679999999999943e+01
1.501199999999999868e+00 6.062000000000000721e-01 1.381600000000000072e+01 1.390019999999999811e+01
2.653200000000000003e+00 1.065200000000000147e+00 1.114600000000000080e+01 1.114919999999999867e+01
1.680399999999999894e+00 5.041999999999999815e-01 1.163600000000000101e+01 1.173819999999999908e+01
2.435599999999999987e+00 1.030520000000000103e+00 1.418360000000000021e+01 1.419291999999999909e+01
3.782160000000000188e+00 1.516040000000000054e+00 7.349200000000000621e+00 7.272840000000000416e+00
1.731599999999999806e+00 8.102000000000000313e-01 1.484600000000000009e+01 1.489419999999999966e+01
1.245199999999999863e+00 3.287600000000000522e-01 9.467800000000002214e+00 9.600960000000000605e+00
2.704399999999999693e+00 1.177400000000000224e+00 1.483900000000000041e+01 1.482240000000000002e+01
1.270799999999999930e+00 1.482199999999999906e-01 8.356600000000000250e+00 8.521619999999998640e+00
1.197839999999999794e+00 2.593999999999999639e-01 9.294999999999999929e+00 9.440399999999998570e+00
1.405199999999999783e+00 5.174600000000000311e-01 1.123380000000000045e+01 1.133366000000000007e+01
2.806799999999999962e+00 1.279400000000000093e+00 1.505199999999999960e+01 1.501739999999999853e+01
1.296399999999999997e+00 4.226000000000000867e-01 1.063800000000000168e+01 1.075459999999999994e+01
1.219599999999999795e+00 3.501800000000000468e-01 1.031540000000000035e+01 1.044477999999999973e+01
7.242399999999998839e-01 -2.873200000000000198e-01 5.282399999999999984e+00 5.524280000000000079e+00
1.680399999999999894e+00 6.163999999999999480e-01 8.891999999999999460e+00 8.974399999999999267e+00
1.245199999999999863e+00 3.491600000000001369e-01 1.023479999999999990e+01 1.036435999999999957e+01
1.245199999999999863e+00 -9.454000000000001291e-02 6.898800000000000487e+00 7.106660000000000643e+00
2.064400000000000013e+00 8.540600000000000414e-01 1.314480000000000004e+01 1.318525999999999776e+01
1.155599999999999961e+00 2.798000000000000487e-01 9.224000000000001975e+00 9.365800000000000125e+00
1.296399999999999997e+00 4.072999999999999954e-01 1.058200000000000074e+01 1.070129999999999981e+01
1.296399999999999997e+00 6.356000000000003314e-02 8.419800000000000395e+00 8.599759999999998072e+00
2.601999999999999869e+00 1.024399999999999977e+00 1.417200000000000060e+01 1.418239999999999945e+01
1.770000000000000018e+00 6.521000000000000130e-01 1.130799999999999983e+01 1.138409999999999833e+01
1.577999999999999847e+00 7.969399999999999817e-01 1.305520000000000103e+01 1.310573999999999906e+01
2.742799999999999905e+00 1.149860000000000104e+00 1.463879999999999981e+01 1.462705999999999840e+01
1.181199999999999806e+00 2.084000000000000019e-01 6.601999999999999424e+00 6.756400000000000183e+00
1.718799999999999883e+00 6.622999999999999998e-01 1.193400000000000105e+01 1.200830000000000020e+01
1.744399999999999729e+00 6.521000000000000130e-01 1.206800000000000139e+01 1.214409999999999989e+01
1.565199999999999925e+00 6.062000000000000721e-01 1.121600000000000108e+01 1.130019999999999847e+01
6.563999999999998725e-01 -3.056800000000000073e-01 3.459600000000000009e+00 3.704719999999999569e+00
1.245199999999999863e+00 4.123999999999999888e-01 1.069200000000000017e+01 1.081039999999999957e+01
7.882399999999998297e-01 -2.862999999999999989e-01 4.946000000000000618e+00 5.187700000000000422e+00
1.277199999999999891e+00 4.400000000000015010e-03 8.127000000000000668e+00 8.317399999999999238e+00
2.640399999999999636e+00 1.197799999999999976e+00 1.518599999999999994e+01 1.516579999999999906e+01
1.270799999999999930e+00 -1.200399999999999939e-01 7.453799999999999315e+00 7.666159999999999641e+00
1.923599999999999977e+00 8.071399999999999686e-01 1.311120000000000196e+01 1.315994000000000064e+01
9.763999999999999346e-01 -2.495799999999999963e-01 6.465599999999999348e+00 6.700820000000000221e+00
1.718799999999999883e+00 6.673999999999999932e-01 1.130500000000000149e+01 1.137839999999999918e+01
1.616399999999999837e+00 5.756000000000001116e-01 1.169800000000000040e+01 1.178759999999999941e+01
2.384399999999999853e+00 9.529999999999998472e-01 1.628999999999999915e+01 1.631299999999999883e+01
1.296399999999999997e+00 -3.844000000000000195e-02 7.951799999999999535e+00 8.149759999999998783e+00
1.629199999999999982e+00 6.214999999999999414e-01 1.173000000000000043e+01 1.181150000000000055e+01
1.437199999999999811e+00 5.092999999999999750e-01 1.120900000000000141e+01 1.131029999999999980e+01
1.155599999999999961e+00 2.257400000000000240e-01 9.232200000000000628e+00 9.383539999999999992e+00
1.590799999999999770e+00 6.163999999999999480e-01 1.188199999999999967e+01 1.196439999999999948e+01
1.462799999999999878e+00 5.552000000000000268e-01 1.143599999999999994e+01 1.152919999999999945e+01
2.358799999999999564e+00 8.254999999999999005e-01 1.273500000000000121e+01 1.278049999999999997e+01
2.461199999999999832e+00 1.427300000000000013e+00 1.503400000000000070e+01 1.497330000000000005e+01
1.296399999999999997e+00 4.400000000000015010e-03 8.112000000000000099e+00 8.302399999999998670e+00
2.000399999999999956e+00 7.796000000000000707e-01 1.274799999999999933e+01 1.280159999999999876e+01
8.867999999999999217e-01 -2.720199999999999840e-01 6.016399999999999970e+00 6.255580000000000140e+00
1.718799999999999883e+00 6.317000000000000393e-01 1.190099999999999980e+01 1.198069999999999879e+01
1.313039999999999985e+00 -5.271999999999998909e-02 9.135400000000000631e+00 9.335879999999999512e+00
1.232399999999999940e+00 -1.394199999999999884e-01 7.462399999999999700e+00 7.678180000000000227e+00
1.232399999999999940e+00 3.920000000000000151e-01 1.047000000000000064e+01 1.059200000000000053e+01
1.053199999999999914e+00 -1.587999999999999967e-01 6.655999999999999694e+00 6.875200000000000422e+00
2.361359999999999904e+00 9.856400000000000716e-01 1.382220000000000049e+01 1.383943999999999974e+01
2.312719999999999665e+00 1.037660000000000249e+00 1.389880000000000138e+01 1.390686000000000000e+01
1.462799999999999878e+00 5.419400000000000883e-01 1.139120000000000132e+01 1.148673999999999928e+01
1.693200000000000038e+00 6.266000000000000458e-01 1.173799999999999955e+01 1.181859999999999822e+01
1.283599999999999852e+00 -8.535999999999999144e-02 7.374200000000000088e+00 7.580440000000000289e+00
2.153999999999999915e+00 8.071399999999999686e-01 1.313120000000000154e+01 1.317994000000000021e+01
1.219599999999999795e+00 3.920000000000000151e-01 1.055000000000000071e+01 1.067200000000000060e+01
1.168399999999999883e+00 -1.302400000000000224e-01 6.857800000000000118e+00 7.071959999999999802e+00
2.269199999999999662e+00 8.407999999999999918e-01 1.298400000000000176e+01 1.302679999999999971e+01
1.603599999999999914e+00 6.572000000000000064e-01 1.214600000000000080e+01 1.222119999999999962e+01
1.846799999999999997e+00 7.622600000000000486e-01 1.199480000000000146e+01 1.205146000000000051e+01
2.307599999999999874e+00 9.427999999999998604e-01 1.399399999999999977e+01 1.401879999999999882e+01
2.474000000000000199e+00 1.080500000000000016e+00 1.453500000000000192e+01 1.453550000000000075e+01
2.217999999999999972e+00 8.000000000000000444e-01 1.287000000000000099e+01 1.291999999999999993e+01
1.309199999999999919e+00 -5.679999999999998939e-02 6.766000000000000014e+00 6.967200000000000060e+00
2.371599999999999930e+00 1.004000000000000004e+00 1.409000000000000163e+01 1.410399999999999920e+01
2.627600000000000158e+00 1.187599999999999989e+00 1.473000000000000043e+01 1.471159999999999890e+01
1.193999999999999950e+00 1.696399999999999852e-01 8.929200000000001580e+00 9.090439999999999188e+00
1.245199999999999863e+00 2.492000000000000048e-01 1.191600000000000037e+01 1.206319999999999837e+01
2.256400000000000183e+00 9.713600000000000012e-01 1.410580000000000034e+01 1.412556000000000012e+01
2.358799999999999564e+00 9.224000000000001087e-01 1.440200000000000102e+01 1.443039999999999878e+01
1.974800000000000111e+00 7.642999999999999794e-01 1.257900000000000063e+01 1.263529999999999909e+01
1.449999999999999956e+00 5.348000000000000531e-01 1.129400000000000226e+01 1.139080000000000048e+01
2.538000000000000256e+00 1.085600000000000120e+00 1.408800000000000097e+01 1.408759999999999835e+01
1.373199999999999976e+00 5.246000000000000663e-01 1.223800000000000132e+01 1.233659999999999890e+01
1.949199999999999822e+00 7.948999999999999400e-01 1.320700000000000074e+01 1.325789999999999935e+01
1.193999999999999950e+00 3.512000000000000677e-01 1.025600000000000023e+01 1.038519999999999932e+01
2.461199999999999832e+00 9.764600000000001057e-01 1.373380000000000045e+01 1.375266000000000055e+01
2.166800000000000281e+00 9.091400000000000592e-01 1.267719999999999914e+01 1.270793999999999890e+01
1.206799999999999873e+00 3.613999999999999435e-01 1.400200000000000067e+01 1.412939999999999863e+01
1.142799999999999816e+00 3.002000000000000224e-01 9.736000000000000654e+00 9.874200000000000088e+00
1.155599999999999961e+00 1.471999999999999698e-01 8.935999999999999943e+00 9.101199999999998624e+00
1.168399999999999883e+00 -1.791999999999999982e-01 6.993999999999999773e+00 7.216800000000000104e+00
1.360399999999999832e+00 -6.190000000000001057e-02 6.477999999999999758e+00 6.680100000000000371e+00
1.155599999999999961e+00 -1.383999999999999952e-01 7.187999999999999723e+00 7.403599999999999959e+00
1.181199999999999806e+00 1.369999999999999829e-01 8.890000000000002345e+00 9.057000000000000384e+00
1.142799999999999816e+00 2.288000000000000311e-01 9.304000000000000270e+00 9.454799999999998761e+00
1.155599999999999961e+00 2.492000000000000048e-01 9.306000000000000938e+00 9.453199999999998937e+00
1.168399999999999883e+00 3.308000000000000940e-01 1.003400000000000070e+01 1.016680000000000028e+01
1.181199999999999806e+00 3.613999999999999435e-01 1.006200000000000117e+01 1.018939999999999912e+01
1.155599999999999961e+00 2.798000000000000487e-01 9.664000000000001478e+00 9.805799999999999628e+00
1.296399999999999997e+00 2.798000000000000487e-01 9.294000000000000483e+00 9.435799999999998633e+00
1.296399999999999997e+00 -3.640000000000001568e-02 7.717999999999999972e+00 7.915600000000000414e+00
1.321999999999999842e+00 -2.620000000000000107e-02 7.803999999999999382e+00 7.999799999999999578e+00
1.289999999999999813e+00 4.400000000000015010e-03 8.047000000000000597e+00 8.237399999999999167e+00
1.283599999999999852e+00 1.471999999999999698e-01 8.795999999999999375e+00 8.961199999999998056e+00
1.309199999999999919e+00 4.519999999999999019e-02 8.336000000000002075e+00 8.519199999999999662e+00
1.117199999999999971e+00 1.778000000000000413e-01 8.519000000000000128e+00 8.678799999999998960e+00
1.283599999999999852e+00 -3.640000000000001568e-02 7.707999999999999297e+00 7.905599999999999739e+00
1.104399999999999826e+00 -1.894000000000000128e-01 6.897999999999999687e+00 7.122600000000000264e+00
1.206799999999999873e+00 3.104000000000000092e-01 9.742000000000000881e+00 9.878400000000000958e+00
7.203999999999999293e-01 -2.302000000000000157e-01 5.943999999999999950e+00 6.175800000000000622e+00
1.142799999999999816e+00 2.900000000000000355e-01 9.820000000000002061e+00 9.960000000000000853e+00
1.245199999999999863e+00 3.206000000000001071e-01 9.608000000000000540e+00 9.742599999999999483e+00
1.296399999999999997e+00 -5.679999999999998939e-02 7.615999999999999659e+00 7.817199999999999704e+00
1.104399999999999826e+00 2.695999999999999508e-01 9.611000000000000654e+00 9.754599999999998161e+00
1.328399999999999803e+00 -9.760000000000000620e-02 6.301999999999999602e+00 6.510399999999999743e+00
1.283599999999999852e+00 3.308000000000000940e-01 9.284000000000000696e+00 9.416800000000000281e+00
1.091599999999999904e+00 2.185999999999999888e-01 9.208000000000000185e+00 9.360599999999999810e+00
1.334799999999999986e+00 4.634000000000000341e-01 1.075200000000000067e+01 1.086139999999999972e+01
1.283599999999999852e+00 5.540000000000003255e-02 8.377000000000002444e+00 8.558400000000000674e+00
1.117199999999999971e+00 -1.791999999999999982e-01 7.094000000000000306e+00 7.316800000000000637e+00
2.153999999999999915e+00 9.325999999999998735e-01 1.620799999999999841e+01 1.623460000000000036e+01
1.539599999999999858e+00 7.898000000000000576e-01 1.829400000000000048e+01 1.834580000000000055e+01
1.846799999999999997e+00 7.898000000000000576e-01 1.706400000000000006e+01 1.711580000000000013e+01
2.153999999999999915e+00 6.878000000000000780e-01 1.805399999999999849e+01 1.812379999999999924e+01
2.858000000000000096e+00 1.738399999999999945e+00 1.753200000000000003e+01 1.741639999999999944e+01
1.539599999999999858e+00 1.310000000000000053e+00 1.690999999999999659e+01 1.686999999999999744e+01
1.590799999999999770e+00 9.632000000000000561e-01 1.899600000000000222e+01 1.901720000000000255e+01
1.283599999999999852e+00 4.634000000000000341e-01 1.724200000000000088e+01 1.735140000000000171e+01
3.434000000000000163e+00 1.636400000000000077e+00 1.819699999999999918e+01 1.809939999999999927e+01
2.256400000000000183e+00 7.082000000000000517e-01 1.830599999999999739e+01 1.837219999999999942e+01
4.073999999999999844e+00 1.427300000000000013e+00 1.709900000000000020e+01 1.703829999999999956e+01
8.739999999999998881e-01 6.560000000000001941e-02 1.822799999999999798e+01 1.840759999999999863e+01
1.181199999999999806e+00 5.143999999999999684e-01 1.739199999999999591e+01 1.749239999999999640e+01
1.693200000000000038e+00 7.489999999999999991e-01 1.553000000000000114e+01 1.558899999999999864e+01
3.011599999999999611e+00 1.299800000000000066e+00 1.687099999999999866e+01 1.683280000000000243e+01
1.872399999999999842e+00 8.306000000000000050e-01 1.426800000000000068e+01 1.431259999999999977e+01
2.397199999999999775e+00 1.442599999999999882e+00 1.706800000000000139e+01 1.700459999999999994e+01
1.654799999999999827e+00 5.960000000000000853e-01 1.730499999999999972e+01 1.739099999999999824e+01
2.819600000000000328e+00 1.350800000000000001e+00 1.614399999999999835e+01 1.609680000000000177e+01
2.806799999999999962e+00 1.374260000000000037e+00 1.657779999999999987e+01 1.652646000000000015e+01
